0.021000

4
   -106.0010   -106.0040     462.688     594.063
    106.0020   -106.0030   10562.938     585.063
    105.9990    106.0020   10572.563   10685.750
   -106.0000    106.0020     472.500   10694.813

##############################################
2.098985e-002  -2.029454e-005  -1.157007e+002  1.881833e-005  2.098913e-002  -1.184817e+002
4.764203e+001  4.606542e-002  5.517673e+003  -4.271464e-002  4.764366e+001  5.639958e+003

4
   -106.0010   -106.0040     462.688     594.063       -0.00002     0.00008
    106.0020   -106.0030   10562.938     585.063        0.00002    -0.00008
    105.9990    106.0020   10572.563   10685.750       -0.00002     0.00008
   -106.0000    106.0020     472.500   10694.813        0.00002    -0.00008
   rmsX:     0.00004      rmsY:     0.00017
