0.0	0.0	153.24



834000
4
320	0.1924  -0.1412   -0.2153   4504892.543    446030.750      399.219
36.2691    -70.1491
-319	0.0724  -0.1105   -0.1948   4504892.397    446256.965      395.354
-52.6785    -70.5125
333	-0.3615  -1.1314    2.1532   4504489.694    446034.480      389.448
41.7673     90.9628
-334	0.0308  -0.4109    1.3414   4504488.591    446268.980      388.179
-54.7945     91.5620

#####################################
外方单位：度.分秒【先角元素、后线元素】
WuCAPS计算出来的
	834000	4504714.7353    446120.6927         4.2877
残差【 Dx      Dy     Dxy      Dz】：
	0.062   0.056   0.084  -0.007
实测坐标
	834000  4504714.673   446120.637        4.295

-----------------------------------------------------------------------

832000
2
332	-1.1111	-1.0043	3.3312	4504487.256	445814.077	396.963
18.8990	 -42.8939
333	-0.3615	-1.1314	2.1532	4504489.694	446034.480	389.448
-66.8946    -42.0116


#######################
外方单位：度.分秒【先角元素、后线元素】
WuCAPS计算出来的
	832000   4504373.1077    445861.9772         6.4530
残差【 Dx      Dy     Dxy      Dz】：
	0.012  -0.022   0.025   0.004
实测坐标
	832000  4504373.096   445861.999        6.449

-----------------------------------------------------

9033401
2
333	-0.3615	-1.1314	2.1532	4504489.694	446034.480	389.448
90.0074	-70.5234
-334	0.0308	-0.4109	1.3414	4504488.591	446268.980	388.179
-5.8658	-67.7905


#####################################
外方单位：度.分秒【先角元素、后线元素】
WuCAPS计算出来的
	9033401   4504321.0538    446254.4724         7.9052 
残差【 Dx      Dy     Dxy      Dz】：
	0.009   0.005   0.010  -0.003
实测坐标
	9033401  4504321.045   446254.467        7.908
-----------------------------------------------------



Self_Point
2
first	0.0000	0.0000	0.0000	1000.0	1000.0	500.0
0.0	0.0
second	0.0000	0.0000	0.0000	2000.0	1000.0	500.0
-70.0	0.0


