9
11	321		-15.7700		91.8752
11	320		-98.9100		91.6505
12	321		69.9750		102.2786
12	320		-12.4020		103.7852
21	321		2.1527		-6.9001
21	320		-79.7744		-7.4724
22	321		92.0402		2.1392
22	320		11.3343		3.2223
31	321		-0.9654		-79.3905
31	320		-81.0727		-80.4603
311	321		-13.8646		-74.7656
311	320		-94.8227		-76.0256
32	321		73.9547		-80.5516
32	320		-6.5574		-80.4446
831000	321		78.0835		70.7922
831000	320		-4.5638		72.1994
833000	321		6.5980		-63.8060
833000	320		-74.4111		-64.7041


#########################################
9
12	320	-12.4020	103.7852
12	-319	-101.2252	104.9477
130	320	84.7664	81.5357
130	-319	-4.0914	82.3615
23	320	86.2453	7.0403
23	-319	-2.9593	7.1077
32	320	-6.5574	-80.4446
32	-319	-96.5399	-80.8356
33	320	63.1924	-73.8616
33	-319	-25.6190	-74.2429
8031901	320	91.4696	72.9257
8031901	-319	2.8346	73.6334
8033401	320	101.6787	-83.6997
8033401	-319	12.9811	-84.1404
831000	320	-4.5638	72.1994
831000	-319	-94.2581	72.9865
834000	320	36.2691	-70.1491
834000	-319	-52.6785	-70.5125
